time,x,y,z,phi,theta,psi,x_velocity,y_velocity,z_velocity,phi_velocity,theta_velocity,psi_velocity,rotor_speed1,rotor_speed2,rotor_speed3,rotor_speed4
0.06,-3.94471305436e-07,2.43325983431e-07,10.0051576649,0.000219613584931,6.28266208278,0.0,2.38144827988e-06,2.14445224288e-05,0.171911140338,0.010126554963,-0.0385357060888,0.0,460.1734143662465,457.1133707994995,459.2527104934775,460.05501565260806
0.12000000000000001,2.2304486646e-05,1.03341566371e-05,10.02143512,0.00146586547268,6.28022385296,0.0,0.00103079862608,0.000429684785843,0.370626246453,0.0363344401912,-0.0452101188394,0.0,467.52686167899606,467.0058492960873,466.1588996954316,468.20199804335675
0.18,0.000160277512815,7.72389022328e-05,10.0480602485,0.00348252598128,6.27702278603,0.0,0.00387940369724,0.00202947945687,0.516820966641,0.0275175311807,-0.0793187423157,0.0,452.6887886139196,449.93398928848796,452.01848082471207,451.30793855280933
0.23999999999999996,0.00054126321129,0.000278615856279,10.082440847,0.00504852509571,6.27204996332,0.0,0.00932375593079,0.00485004253533,0.62913869437,0.0231028983495,-0.0911686842666,0.0,441.0102616343439,440.0247933573038,441.8564149707451,441.49251839255385
0.3,0.00134833159417,0.000678332846545,10.1229352831,0.00684183465443,6.26682215384,0.0,0.0181157145081,0.00863632740532,0.720614193672,0.0408369029349,-0.0800824116479,0.0,435.07634690626065,435.9969054051305,432.98282824957124,434.4723052888331
0.36000000000000004,0.00275016480726,0.00132957738833,10.1667626251,0.00900687262857,6.26164559075,0.0,0.029057587151,0.0132816589288,0.740274709383,0.0243023356021,-0.103047743593,0.0,412.2447746793353,410.20363691731546,411.9152409767539,410.4513194750578
0.4200000000000001,0.00502727004995,0.00234515283868,10.2170387765,0.0108516649789,6.25537882663,0.0,0.0475651934906,0.0207638749721,0.935438084071,0.0412417985369,-0.107398000226,0.0,467.25613390910405,466.9079632284317,465.8118957936979,467.13477103496433
0.48000000000000015,0.00855635998672,0.00385424504939,10.2787929574,0.0130947108455,6.24919620335,0.0,0.0707905406382,0.0298097744886,1.12284346493,0.0282680719493,-0.0955178632314,0.0,464.3170057104251,465.2391803675206,465.37524350422126,464.3593354157019
0.5400000000000001,0.0137768343995,0.00601572724638,10.3562566456,0.0152716154068,6.24351828187,0.0,0.103993258827,0.042504222407,1.45887942927,0.0487949325463,-0.0929179639284,0.0,506.76711836738974,506.9475457579822,507.85859671748045,509.3290006498371
0.6000000000000002,0.0209022749643,0.00891048999883,10.4478826768,0.0186312672804,6.2376717658,0.0,0.134124658765,0.0543251331874,1.59510790873,0.0674787413735,-0.108506866799,0.0,450.728049109083,449.45838143778127,450.2879034231764,451.79870488953947
0.6600000000000003,0.0299122405909,0.0125691540548,10.5465298407,0.0225206708702,6.23163445085,0.0,0.166834903896,0.0680310753839,1.69294918481,0.0589025407789,-0.0882743213115,0.0,438.13635319949054,439.8060120739158,439.44113500287864,438.7328368670963
0.7200000000000003,0.0413232996085,0.017268366968,10.6570900276,0.0258458915097,6.2262041295,0.0,0.214212353137,0.0890494771187,1.99186473546,0.0473460131152,-0.0953854759387,0.0,500.14606043455836,499.6220173210938,498.80117763146256,497.95826212570745
0.7800000000000004,0.0555090221015,0.0232162771873,10.7818834847,0.0285488210092,6.22013722047,0.0,0.259288653114,0.109518675217,2.1675459051,0.0400071109219,-0.116159531467,0.0,465.14776379691267,463.50950089806315,465.0805249440311,464.5064626377924
0.8400000000000004,0.0722921357374,0.0303400403539,10.9133050341,0.0316928570636,6.21290380759,0.0,0.30080667458,0.128203141676,2.21302552343,0.0697891174629,-0.131235713361,0.0,425.70029307414654,424.39428534144207,422.6737150271196,425.23430942733637
0.9000000000000005,0.0916568578534,0.0386270332634,11.0467487744,0.0356471867494,6.20504585565,0.0,0.345390570203,0.14839573866,2.23498177672,0.0567189939299,-0.130432130108,0.0,416.93879804262605,416.9920193359596,417.68862302176774,416.5507397250462
0.9600000000000005,0.113942719767,0.0482416706283,11.1827817653,0.0386348906864,6.19688238194,0.0,0.398228473564,0.172399104837,2.29923644072,0.0300071781432,-0.150726159855,0.0,432.1616830915062,430.4296388878423,432.3320803622854,430.07715379078866
1.0200000000000005,0.139660163662,0.059391536591,11.3237570761,0.0404274336367,6.1875053374,0.0,0.459934544887,0.199433716722,2.39962568591,0.0296115327539,-0.170710573928,0.0,443.7002771025041,442.032963607572,443.74046863481715,443.7082715246752
1.0800000000000005,0.169118851374,0.072133409312,11.4691144385,0.042150400052,6.17675809819,0.0,0.522983886816,0.225450183955,2.44539755442,0.0268625867922,-0.206693841024,0.0,427.8491033293755,424.7404137431721,426.6511661078123,426.41667618655737
1.1400000000000006,0.202871323707,0.0865836271041,11.6199335691,0.0435463301106,6.16458452043,0.0,0.603377798867,0.256365095667,2.58142474823,0.0148746072649,-0.196217779186,0.0,454.6516253237236,455.4507496266904,456.71365296427916,455.7565671055183
1.2000000000000006,0.242104882757,0.103057281811,11.7821393741,0.0440006100324,6.15270581944,0.0,0.705785547984,0.292812051186,2.82463819058,-0.013969008737,-0.201748224258,0.0,488.84756472787655,488.4007983273122,489.5458976013558,487.3949463938297
1.2600000000000007,0.28737693781,0.121587239666,11.9558848932,0.0435787065367,6.14086207759,0.0,0.804517480135,0.324760564445,2.96630064102,0.004117207442,-0.189878037613,0.0,459.95038716746194,460.8527694025683,458.97718397742443,460.41045285240983
1.3200000000000007,0.3385133401,0.141932130982,12.1359278936,0.0437018598197,6.12938673604,0.0,0.901101125028,0.353401498424,3.03473568102,-0.0024348182946,-0.194159123373,0.0,438.24110369872875,437.84886158065666,438.81931233038233,438.2750384649605
1.3800000000000008,0.396139357063,0.164125063688,12.3230258827,0.0436438397135,6.11721117227,0.0,1.02099269687,0.386317213679,3.2011302212,0.00181814671839,-0.232961588866,0.0,471.56695447677066,468.52013212429904,469.11497478176824,469.44512651170794
1.4400000000000008,0.460635841072,0.188134263258,12.5164953456,0.0433946752473,6.10317412985,0.0,1.13016276841,0.413965046372,3.2474181232,-0.0200976074958,-0.236001926,0.0,433.63983153794766,433.32827926116545,434.66102761395996,432.82046787941385
1.5000000000000009,0.531977564729,0.213797121312,12.7128531483,0.0421042971578,6.08901155554,0.0,1.24917925191,0.441321577126,3.29736499474,-0.02448371097,-0.236124824438,0.0,435.6550573872103,435.5879895986006,436.1393514422439,435.7728338677211
1.560000000000001,0.611426845409,0.24121923336,12.9156544426,0.0405751001807,6.07470709045,0.0,1.40058050177,0.472539365246,3.46175742079,-0.0275716182417,-0.243405477059,0.0,473.2765657066687,472.66276967347676,472.6201509869326,472.3820106941218
1.620000000000001,0.699470760286,0.2703237624,13.1244729531,0.0383689645236,6.06011182958,0.0,1.53550064656,0.497422028187,3.49834176136,-0.0705440354087,-0.242954410059,0.0,434.04738952246475,434.02451835781505,436.67596192979596,433.0750745349026
1.680000000000001,0.796569396287,0.300980114874,13.3384304951,0.0341247720534,6.04563190845,0.0,1.70252019167,0.523962228813,3.63265581033,-0.0711241509049,-0.238276049303,0.0,464.9709163157448,465.28193529702526,468.306300540869,468.25762107461424
1.740000000000001,0.904562468614,0.333209792991,13.5626822321,0.0295626241362,6.03118521419,0.0,1.8986996479,0.549793477239,3.84111585087,-0.088315133288,-0.246309427528,0.0,491.4675613168261,490.8197556533172,491.32629236141617,490.04594116921425
1.8000000000000012,1.02308613224,0.366698118983,13.7932847254,0.024161107964,6.01644987415,0.0,2.05330391374,0.565993269345,3.84512147718,-0.0936831182905,-0.244188600498,0.0,429.34080252772736,429.45804004665223,429.7801165765979,429.3177513037912
1.8600000000000012,1.15020219272,0.400979930064,14.0206640968,0.0187664833593,6.00130521105,0.0,2.18496858741,0.576336561694,3.73413250526,-0.0832730648414,-0.278772203064,0.0,391.9621799140089,388.6583920856349,389.17526647233797,390.1404918170128
1.9200000000000013,1.28619964179,0.435850802489,14.2439419073,0.0135057159291,5.98435168713,0.0,2.34960357321,0.585585019091,3.70793670183,-0.0983894014608,-0.291450741096,0.0,421.2156205219165,420.03135889771323,421.5039740286258,420.18844605629306
1.9800000000000013,1.43210029961,0.471172598683,14.4647507421,0.00719002894289,5.96738950892,0.0,2.51504679689,0.591319123018,3.65190857666,-0.124805221042,-0.269323630156,0.0,410.37484600270625,412.24572709351423,412.9280251277547,410.5796744061866
2.0400000000000014,1.58816503991,0.506730491231,14.6820576699,6.28265525314,5.9509653273,0.0,2.68831128076,0.593341230577,3.59120930574,-0.137789403031,-0.284442984996,0.0,412.2246602111412,410.80343225531624,410.9567673500452,409.7873000911059
2.1000000000000014,1.75571029155,0.542279112058,14.8980329032,6.27392874923,5.93394315013,0.0,2.89786381984,0.590854977007,3.6070862911,-0.1686655715,-0.28226592743,0.0,438.86337393576173,438.9613590908294,439.93684935875797,437.35154546773794
2.1600000000000015,1.93709968693,0.577483853434,15.1175113106,6.26367047325,5.91681627809,0.0,3.14984162418,0.581606156493,3.70750141066,-0.176027254415,-0.292702327664,0.0,470.1376269210053,469.2501486192792,467.73361620033455,467.13335302965476
2.2200000000000015,2.13308155054,0.611968767657,15.3406468454,6.252968947,5.89886153163,0.0,3.38421941949,0.566947751642,3.7292580113,-0.183476822579,-0.31735445448,0.0,446.4954780517059,444.38721428499827,446.5327192409789,445.8938806064419
2.2800000000000016,2.3433936293,0.64538312393,15.5648381138,6.24150280734,5.87975130279,0.0,3.62758876079,0.545902475143,3.74258684023,-0.214170957492,-0.320900835186,0.0,445.899639617306,445.5062983766993,446.7621615457575,444.2154673732961
2.3400000000000016,2.56905302908,0.677283149058,15.7906555309,6.22875898452,5.86068696569,0.0,3.89578454859,0.516297411723,3.78320214235,-0.209072011418,-0.312079754178,0.0,457.5489467476281,458.1506986902847,457.237625558336,457.6006198504063
2.4000000000000017,2.81312574068,0.706926425829,16.0231171867,6.21646825077,5.84172399915,0.0,4.24137667272,0.470530296913,3.96313343763,-0.19751837677,-0.325455440789,0.0,506.22983538298314,505.1771129233406,504.8101529776163,505.6074676073674
2.4600000000000017,3.07726908549,0.733711587348,16.2639000726,6.20406651844,5.82177366643,0.0,4.564743036,0.421232795813,4.06084496445,-0.24013093129,-0.35277102745,0.0,486.10151005170235,483.9450627853023,486.19176931599105,482.9477316938794
2.520000000000002,3.36065772761,0.757378312792,16.5092434207,6.18906057547,5.80035264438,0.0,4.88292910343,0.366446405419,4.11515711635,-0.295519553701,-0.36721869304,0.0,475.1682627592762,473.93613804626693,478.48303774243476,474.1840137017228
2.580000000000002,3.66216604616,0.777723766686,16.755056997,6.17127339011,5.77842317993,0.0,5.16866257644,0.310437377171,4.07694477042,-0.298383642599,-0.362251911882,0.0,448.7127842798808,448.9794407746128,448.3846036820248,448.0631876002919
2.640000000000002,3.98071102422,0.794524848465,16.9975809594,6.15306747906,5.75640453271,0.0,5.45071927112,0.248384331886,4.00560160502,-0.316118196102,-0.378628693137,0.0,441.8057688763958,440.31214093218347,441.0625855024812,439.4996196762944
2.700000000000002,4.31691246,0.807245599438,17.236316687,6.13399552635,5.73381064521,0.0,5.75719199914,0.174374719896,3.95033467577,-0.321601786784,-0.372738909833,0.0,451.8695373524671,452.20015092931527,449.67856950530944,449.13183731823597
2.760000000000002,4.67072030825,0.815522796233,17.4697222275,6.11485540417,5.71256802249,0.0,6.03744120549,0.100410317828,3.82835407815,-0.314264647931,-0.331152009329,0.0,428.53411474373905,431.9184996788786,430.18329108418015,430.6965274290939
2.820000000000002,5.04278820006,0.818809594297,17.6974171774,6.09552748596,5.6928128456,0.0,6.36560661741,0.0079946557011,3.75952003377,-0.346426117906,-0.325711784878,0.0,454.2255959696441,454.5532227469686,456.09354855570353,453.41110054018594
2.880000000000002,5.43299017848,0.816793053453,17.9181010705,6.07449298917,5.67332214343,0.0,6.64188581069,-0.0763068147696,3.59528886253,-0.360493024256,-0.323170136047,0.0,421.9065738208077,422.0117864533693,423.09326180327,421.74588494887576
2.940000000000002,5.84157324037,0.809000684987,18.1309600279,6.05281630014,5.6543134382,0.0,6.97810490942,-0.184632984675,3.49798122903,-0.362891323857,-0.306454106886,0.0,452.7376642123506,453.9801182407699,452.44674728085425,452.121374126468
3.000000000000002,6.27316049742,0.793606105174,18.3411956691,6.03083095714,5.63566721482,0.0,7.40832207693,-0.329799265111,3.50675856284,-0.37460267842,-0.321184966767,0.0,499.670594894255,498.5078260091046,497.558406656914,496.5766596572348
3.0600000000000023,6.72670746202,0.770543147824,18.5463836092,6.00850438783,5.61613467067,0.0,7.71037002907,-0.43996583043,3.33114110462,-0.36755251757,-0.336077495765,0.0,435.4607020496167,434.10100079323337,432.9554376126419,433.40131929101386
3.1200000000000023,7.19662804913,0.741314049819,18.7384548639,5.98658887033,5.59617437895,0.0,7.95422038564,-0.535168299529,3.07016855036,-0.361038271479,-0.326622736349,0.0,400.9718707290722,401.70353561696874,400.35293868926834,400.7916850473134
3.1800000000000024,7.68326830477,0.705499659034,18.9169398172,5.96528194151,5.57679171498,0.0,8.26737721251,-0.659432886444,2.8774839125,-0.345352543081,-0.316722909522,0.0,434.74058242103246,435.46015677050116,435.5173163742032,436.694779921576
3.2400000000000024,8.1882328078,0.662265827831,19.0829310299,5.94577353792,5.55785370493,0.0,8.56495799863,-0.782333789738,2.65392294348,-0.301110758174,-0.313544644902,0.0,427.1150727258449,427.2799089490184,425.3511249583971,429.00792635853105
3.3000000000000025,8.7159853825,0.609706292693,19.2403563554,5.92768277696,5.53939651603,0.0,9.02623593334,-0.970018384028,2.59019816959,-0.302326751763,-0.297850476826,0.0,499.8245134665985,500.88203169689706,502.0218880270654,501.8524253054729
3.3600000000000025,9.26622829295,0.547734101856,19.3881639558,5.90927103056,5.52113082782,0.0,9.31517124906,-1.0961789192,2.33519445333,-0.317936782748,-0.322675308842,0.0,426.5980515450812,424.3717294971437,427.80809444285137,426.37548977530054
3.4200000000000026,9.8354446747,0.477472857325,19.5219409556,5.89026776981,5.50148642479,0.0,9.65840614566,-1.24619507809,2.12175957614,-0.314400153407,-0.339081539669,0.0,451.8281376215065,450.394229150021,451.8234123359772,452.00781739115575
3.4800000000000026,10.4286950968,0.396798029024,19.645678721,5.87099038746,5.48061282324,0.0,10.1156877053,-1.44300318137,1.99918136182,-0.340849387715,-0.378170835031,0.0,501.950447216855,498.9918388988637,500.8312006290617,498.8086380945381
3.5400000000000027,11.0472965061,0.305049831578,19.759640458,5.85025391064,5.45769684873,0.0,10.503677292,-1.61529747904,1.79633153542,-0.357365161347,-0.390747291436,0.0,476.1903147431193,475.085947320082,475.06727895762344,473.6834418579319
3.6000000000000028,11.6886125729,0.203126237016,19.8604291809,5.82829379925,5.43415745194,0.0,10.8727718179,-1.78212510838,1.56015409836,-0.394994605756,-0.395665659918,0.0,470.36389822637994,469.8322221097489,470.2696192064113,467.21048505654636
3.660000000000003,12.3520566565,0.0911437296621,19.946520748,5.80512263926,5.41020558107,0.0,11.2410914499,-1.95054375593,1.3063042877,-0.372744364484,-0.407378320862,0.0,471.47631857501375,470.4141317995539,470.9668554197659,472.5395208082449
3.720000000000003,13.0371221896,-0.0308068362677,20.0165179783,5.78296134785,5.38652968906,0.0,11.5933818423,-2.11425237533,1.02382275737,-0.363333929608,-0.376866405235,0.0,466.3557174634067,468.5791421793997,467.7626150500347,468.3617312973132
3.780000000000003,13.7422775359,-0.16221795749,20.0683793173,5.76087254283,5.36390860543,0.0,11.9107450693,-2.26593969078,0.702221283007,-0.380071122721,-0.37732210404,0.0,457.6612673297074,457.4824234906133,457.48568204820356,456.0136325172081
3.840000000000003,14.4657366325,-0.302495321768,20.1000667132,5.7384941517,5.34101093843,0.0,12.2034895309,-2.40979027858,0.35152224298,-0.361646204173,-0.392002621049,0.0,452.09747880233834,450.7635164445348,448.89724842196875,450.24806144732435
3.900000000000003,15.2051104748,-0.450821642562,20.1093269333,5.71689451646,5.31748761311,0.0,12.4414576584,-2.53427966385,-0.0449000859597,-0.356887946994,-0.392160869904,0.0,432.587341655343,432.40999493581313,431.1111716238072,431.37524975948924
3.960000000000003,15.9605849428,-0.607326035526,20.0955413002,5.69520565701,5.29395047726,0.0,12.7395680286,-2.68210228642,-0.417324816882,-0.372723675877,-0.39253536649,0.0,456.71677502331494,456.53183989139677,458.9104803163391,457.51989652860743
4.020000000000002,16.7324670194,-0.772183898085,20.0582287891,5.67376845121,5.2708793418,0.0,12.988557638,-2.81285709413,-0.828716293052,-0.337076672321,-0.372034342737,0.0,441.6865006266943,443.22043455549647,441.826245074267,444.6227682448697
4.080000000000001,17.5205269167,-0.945360882537,19.9965410859,5.65433259208,5.24850975283,0.0,13.2783402478,-2.95919358002,-1.2301376855,-0.305833121264,-0.374454342693,0.0,461.3717538241365,461.04236546564,459.9131738273317,462.277593701453
4.14,18.3244865712,-1.12681941041,19.9097140592,5.63572541494,5.22615263139,0.0,13.5187878709,-3.08903929453,-1.66630269432,-0.320445939717,-0.369189715869,0.0,447.9499691289728,448.2358593756285,447.96486976457675,446.6762911812265
4.199999999999998,19.1430618887,-1.31616384213,19.7964953541,5.61705805612,5.20364215299,0.0,13.7652945521,-3.22200211652,-2.10999346622,-0.297071270341,-0.391095689897,0.0,455.2569714636308,453.35620943684006,452.227354773224,454.0097485701258
4.259999999999997,19.9777849172,-1.51395672242,19.6568932514,5.59968780497,5.17980528702,0.0,14.0564455574,-3.37031695735,-2.54624367801,-0.277571263265,-0.413952907239,0.0,474.5432579818085,472.62983963829254,472.4750586753479,473.89690883371634
4.319999999999996,20.826920928,-1.71967354287,19.4895489675,5.58282701797,5.15513702999,0.0,14.2464521063,-3.48651883131,-3.03405551495,-0.288959146755,-0.406046809595,0.0,443.63712360626386,444.1102418328078,444.6361738742376,443.62126783714837
4.379999999999995,21.6875404305,-1.93241527123,19.2926500322,5.5654604989,5.13072131783,0.0,14.4390307731,-3.60447969337,-3.53149535712,-0.290423086601,-0.408746338385,0.0,449.1911282001827,448.80175143902,448.82823124251803,448.6251118483228
4.439999999999993,22.5590516732,-2.15207554792,19.0653536577,5.54813226603,5.10688583133,0.0,14.6095650464,-3.71725586271,-4.04721312699,-0.285754817625,-0.380837318738,0.0,444.4959840670313,446.6140355668641,445.4237643922629,445.7211721783151
4.499999999999992,23.4451300464,-2.37975695206,18.8081113335,5.53091898479,5.08400977281,0.0,14.922985108,-3.87123617265,-4.53068003993,-0.289250522245,-0.382139547475,0.0,496.6338031252775,496.4044637468449,495.93639500631787,495.60519993144607
4.559999999999991,24.3438154141,-2.61505005299,18.5196834176,5.51409129013,5.06109783354,0.0,15.0317848172,-3.97195997453,-5.08547837757,-0.267033082076,-0.381325195234,0.0,437.12582590572396,437.0400909135838,435.4783477781217,437.2522195100449
4.6199999999999894,25.2488161793,-2.85642958922,18.1976011629,5.49794363619,5.03829383522,0.0,15.1334664997,-4.07419025852,-5.65253707242,-0.273673788017,-0.377668976824,0.0,436.8911147961393,437.04389207256224,438.4588931145812,437.83206327069115
4.679999999999988,26.1592695855,-3.10389853695,17.8410133946,5.48125833767,5.01555333653,0.0,15.2136515136,-4.17507739204,-6.23567996279,-0.288799817946,-0.38182155833,0.0,433.87850679253404,433.3767931007336,434.08891904276607,432.7358303207519
4.739999999999987,27.0737149414,-3.35736487944,17.4489141644,5.46436198573,4.99325119484,0.0,15.2667219637,-4.27426821584,-6.83626634358,-0.270147476516,-0.356754535267,0.0,426.96079602214974,428.9459911214203,425.830506529465,427.33987704351404
4.799999999999986,27.99643782,-3.61799667591,17.0214087927,5.44916268798,4.97293737915,0.0,15.4876091173,-4.41333135255,-7.41676697823,-0.231910140404,-0.316061562012,0.0,482.89674656408,485.8485265034763,482.6999061817385,485.51826104119823
4.859999999999984,28.9241717179,-3.88547908437,16.5571621892,5.43535829878,4.95385411769,0.0,15.4370096827,-4.50396122519,-8.05972848733,-0.226637745977,-0.3223588536,0.0,400.17881850314114,399.48866233331256,400.81679997590163,401.23715310458647
4.919999999999983,29.8538169408,-4.15954575876,16.0547842167,5.42195750507,4.93441854496,0.0,15.5492490925,-4.63218481527,-8.68872927403,-0.21747538065,-0.327251268295,0.0,456.8797361664433,456.38472439100275,455.0513228136879,455.73651064124215
4.979999999999982,30.7862217413,-4.44082895013,15.5136278157,5.40967331792,4.91496175165,0.0,15.5305257672,-4.7451466595,-9.3519790921,-0.187022510015,-0.318929770793,0.0,415.95703480698984,416.57018350675116,415.19658331651016,417.81666828548924
5.0399999999999805,31.7225496804,-4.72994288802,14.9328907958,5.39839704326,4.89622565411,0.0,15.677935845,-4.89269618953,-10.0088661792,-0.189831509013,-0.301506453875,0.0,470.7739417120557,472.0272461030693,472.1131264755648,471.8641147618645
